NLOPT:
==========================================================================
[!] Running 7 minutes
Iterations: 15800000 (Its: 35541)
Buffer: 0101111011110100010111110001110010010110000111001011111001110101
x00 = 0.000001 x01 = 0.000001 x02 = 0.000000 x03 = 0.000002 
x04 = 0.000002 x05 = 0.000002 x06 = 0.000002 x07 = 0.000000 
x08 = 0.000002 x09 = 0.000002 x10 = 0.000001 x11 = 0.000001 
x12 = 0.000000 x13 = 0.000002 x14 = 0.000000 x15 = 0.000000 
x16 = 0.000000 x17 = 0.000002 x18 = 0.000000 x19 = 0.000002 
x20 = 0.000002 x21 = 0.000002 x22 = 0.000002 x23 = 0.000002 
x24 = 0.000001 x25 = 0.000000 x26 = 0.000000 x27 = 0.000002 
x28 = 0.000002 x29 = 0.000002 x30 = 0.000001 x31 = 0.000001 
x32 = 0.000002 x33 = 0.000000 x34 = 0.000001 x35 = 0.000002 
x36 = 0.000000 x37 = 0.000002 x38 = 0.000001 x39 = 0.000000 
x40 = 0.000000 x41 = 0.000000 x42 = 0.000001 x43 = 0.000002 
x44 = 0.000002 x45 = 0.000002 x46 = 0.000000 x47 = 0.000000 
x48 = 0.000002 x49 = 0.000001 x50 = 0.000002 x51 = 0.000002 
x52 = 0.000001 x53 = 0.000001 x54 = 0.000002 x55 = 0.000001 
x56 = 0.000000 x57 = 0.000002 x58 = 0.000002 x59 = 0.000002 
x60 = 0.000000 x61 = 0.000001 x62 = 0.000001 x63 = 0.000002 
R = 118328
found minimum at f(3.90214e-07,1.06716e-06) = 0
Solution: 0101111011110100010111010001110010010110000111001011101001110101


Verification:
==========================================================================
./dupa_patched.file
0101111011110100010111010001110010010110000111001011101001110101
Result: 00000000
Flag: hitcon{9303cd5df2a2a3047ff9a7a5f3fa7569d8d00f1e}
